Id,SalePrice
1461,112853.3578697954
1462,171164.49176372692
1463,168036.05201536056
1464,190216.3624111031
1465,226045.7911905913
1466,186313.2703749697
1467,171404.9266819862
1468,178708.2014908617
1469,207964.97271224495
1470,92766.56932801649
1471,212518.40169680247
1472,134183.93233168765
1473,117968.81778455619
1474,170166.94450214773
1475,160647.43406837026
1476,323388.97057608014
1477,255322.12945083727
1478,289599.3118266595
1479,276729.8786763317
1480,375970.5228420304
1481,294826.2649224765
1482,239555.61572537932
1483,188927.0779159224
1484,197650.91028757964
1485,188107.23344663542
1486,220888.05426184845
1487,304344.5582216565
1488,257844.47234608477
1489,205014.66613041668
1490,200907.24757035228
1491,216356.46620386478
1492,98170.01383123465
1493,178005.94251966116
1494,284090.95297085505
1495,281272.87020209094
1496,225326.69191076898
1497,217767.39055134554
1498,184557.16624572186
1499,184557.16624572186
1500,163788.12558954523
1501,181237.48783426092
1502,175544.29859903862
1503,253583.9525993442
1504,252284.80639398017
1505,224799.1574724886
1506,214594.8456840805
1507,247148.64803739486
1508,203759.62166826345
1509,176992.12968972966
1510,143350.09373347892
1511,139038.46537241468
1512,164869.75172186166
1513,174016.79091333842
1514,180855.60512700316
1515,200528.18655534007
1516,159458.07665503526
1517,156538.70442731597
1518,168818.71406721475
1519,224230.9684656266
1520,132934.57407167612
1521,138175.89829548902
1522,183063.60714125412
1523,110450.62726054911
1524,117747.9485171457
1525,112890.68497085955
1526,119609.0941043034
1527,68369.5332060022
1528,146697.12002509076
1529,136026.99245922326
1530,176547.9569965246
1531,110892.28824177803
1532,96239.00491272972
1533,149046.16415343655
1534,144193.57222239103
1535,149473.37232495693
1536,111329.92635874357
1537,17703.601837066002
1538,187531.25846276607
1539,208482.5924370411
1540,162385.25455740409
1541,146902.16247954208
1542,150600.34108167107
1543,212252.27981123736
1544,62856.18983269797
1545,129363.91622726573
1546,134875.06778933166
1547,133399.60693337407
1548,155323.93713247508
1549,99488.44016240293
1550,134083.66588792473
1551,133405.74109571672
1552,121596.35786143749
1553,148743.44896165875
1554,133618.10262094357
1555,168067.8881559776
1556,101662.43948044663
1557,126323.17510351748
1558,119475.25166966463
1559,111278.30567739578
1560,131409.3591673131
1561,168473.05184637464
1562,114279.1533527869
1563,113594.42154528468
1564,158729.7513201394
1565,141344.07653557777
1566,213570.3542519851
1567,61097.63709675113
1568,207767.09507414897
1569,95270.50513111951
1570,133954.85838074784
1571,115155.01800563838
1572,133196.45480537845
1573,231180.28024329187
1574,144597.06942910084
1575,215477.1223327812
1576,199551.57807857136
1577,205777.60708515823
1578,132283.33564826183
1579,131380.1619230482
1580,216483.0268475978
1581,130943.53858558426
1582,116313.40287384985
1583,288848.0788732824
1584,243424.71383843163
1585,150504.52818835864
1586,20763.77791756252
1587,99984.7610787024
1588,137857.98759078968
1589,92569.88450815936
1590,156627.2582594297
1591,94093.92631874431
1592,122554.74210419122
1593,123639.95145135664
1594,160247.6145013644
1595,142773.6279117494
1596,235258.84673786198
1597,180971.00747268216
1598,200238.37265420437
1599,204871.2800458643
1600,217350.90538615093
1601,3786.771591740893
1602,123387.88190211297
1603,55971.66737301729
1604,260200.49448348524
1605,257249.88366567472
1606,172461.36858804233
1607,232125.85170034843
1608,214953.3942529658
1609,204681.88364001585
1610,146458.7915102694
1611,140091.19431599032
1612,174129.9650944505
1613,164824.34922912938
1614,121364.93241168372
1615,94941.29048992868
1616,94941.29048992868
1617,94522.6052632716
1618,115436.70005837234
1619,117897.89267412934
1620,211174.58331787877
1621,139388.31960533455
1622,140325.9539052382
1623,262506.9814992378
1624,205046.83050082962
1625,133115.73153275356
1626,184743.684007384
1627,190539.21609606792
1628,278503.2227594458
1629,198681.7649815759
1630,325739.8485057299
1631,243418.5566158573
1632,260988.82858684065
1633,185967.72515664378
1634,192710.53047074785
1635,177504.50807715452
1636,172364.82512006408
1637,181697.84814571484
1638,226775.86343616538
1639,199345.94463614572
1640,267924.7452801926
1641,193292.0417280054
1642,231003.33244739624
1643,256044.76528542337
1644,251019.40584663802
1645,177545.73354520986
1646,158287.47602051857
1647,187833.12749773648
1648,140744.55521563103
1649,130163.17556778959
1650,91269.04812121275
1651,91699.20658555347
1652,135044.24926036887
1653,134614.09079602815
1654,174244.9108308159
1655,176884.42248018726
1656,171027.26143082895
1657,175105.22775949736
1658,171457.4198951699
1659,161077.592532711
1660,126860.26449028251
1661,349869.59451787465
1662,336729.7167668446
1663,317678.7776969477
1664,393611.57309977466
1665,294051.2208784892
1666,272971.8953079827
1667,307309.2458591865
1668,294521.5289943161
1669,275379.3879307372
1670,299088.7851455201
1671,247525.74279368424
1672,351468.49433853326
1673,284993.5686893278
1674,258965.66017427866
1675,191755.72908432956
1676,187429.55670911877
1677,215577.6138810151
1678,378412.16805963556
1679,307317.50709052815
1680,306364.1730233197
1681,270616.3699974633
1682,266287.88479728706
1683,217991.2967706112
1684,202699.44433972833
1685,181866.14487529
1686,203460.4235182543
1687,188107.23344663542
1688,215792.80364763958
1689,213189.97558234318
1690,205172.90447932028
1691,194708.11252448976
1692,258811.6443833519
1693,188107.23344663542
1694,182412.43026083277
1695,189046.53859729937
1696,259931.7150878465
1697,189046.53859729937
1698,312028.4372524336
1699,290955.68350208167
1700,237186.4432697898
1701,276009.9684516563
1702,267537.70562172786
1703,263143.59829679935
1704,267606.72089298826
1705,244433.5912206556
1706,354593.75498702575
1707,222721.15339292085
1708,219892.5022245139
1709,276482.7641585063
1710,243915.71068307816
1711,249840.0523491531
1712,279185.0927857567
1713,240382.89406594972
1714,230304.24891544168
1715,215062.9349662055
1716,206193.2327605508
1717,199357.01135599415
1718,176725.32965876313
1719,224911.11518324295
1720,250509.07720592723
1721,196250.41261710727
1722,149879.03191160073
1723,147409.98988844466
1724,223885.89210932388
1725,240760.9384168553
1726,191506.44677258434
1727,183140.26593161386
1728,203331.24551596667
1729,166793.84954126517
1730,172301.6176454184
1731,120664.16298086452
1732,110583.31229489984
1733,110583.31229489984
1734,123355.64096145402
1735,115437.01910839125
1736,115006.86064405052
1737,281949.4766070541
1738,220095.92084555083
1739,305897.51043823094
1740,223662.1935942272
1741,183489.43505505112
1742,181237.48783426092
1743,198861.20581369323
1744,254036.40198196622
1745,234080.62659337895
1746,261550.46028997807
1747,223752.07003542234
1748,234216.34511889925
1749,149909.295409612
1750,166495.12951765105
1751,243646.66639331833
1752,113164.26308094396
1753,171733.98139148892
1754,234991.3114385592
1755,171503.56030569773
1756,89463.33215581218
1757,109722.99536621862
1758,116408.78779965045
1759,159224.2431372794
1760,147938.14684239228
1761,147481.51416081015
1762,172037.41955180827
1763,182694.65164053778
1764,115989.14127847564
1765,199648.61865147494
1766,180732.34080035903
1767,192227.35754551773
1768,132427.6770660953
1769,191153.66408369748
1770,141186.05936258205
1771,134154.51137080637
1772,151097.69401576242
1773,110402.74159930937
1774,190615.96718846879
1775,147230.62667210924
1776,113438.87766080012
1777,97793.88766083436
1778,120605.55509006826
1779,100030.76331381698
1780,180646.7428136348
1781,133805.2983808216
1782,56931.371369156404
1783,118184.05207750807
1784,54598.101998265716
1785,112229.10336083185
1786,153004.87099759688
1787,167801.75728532358
1788,4819.271657793783
1789,87919.36491532892
1790,19445.03457338002
1791,238632.19024254323
1792,177558.26083804073
1793,147874.8152576961
1794,138877.201256408
1795,152098.51383694017
1796,126816.87317918905
1797,141947.7070387086
1798,124018.46210211434
1799,95730.0639326066
1800,117912.37053684576
1801,112242.99314016232
1802,162995.71948736336
1803,184686.04586098774
1804,124302.0691289074
1805,149687.72726697184
1806,151184.7530910453
1807,169035.06285222026
1808,95553.37470998906
1809,106111.76651775197
1810,134540.2985686626
1811,103554.42801391054
1812,114174.19222872169
1813,128765.76414120593
1814,66953.53372570116
1815,-6617.363710007048
1816,81921.89654015645
1817,90630.76978883578
1818,170046.36084901693
1819,131514.8079649693
1820,56087.210741981864
1821,149631.97542265884
1822,139882.2134864045
1823,15055.172687051818
1824,153191.8172962292
1825,122917.28172010777
1826,96955.04080667219
1827,103996.49342594936
1828,140056.12551417586
1829,110303.93416837614
1830,163982.9876307525
1831,189344.3174150238
1832,166446.85766757082
1833,167636.06012652593
1834,132136.14183965314
1835,187048.75081958843
1836,169965.73820695013
1837,70330.19425872038
1838,133317.8502019489
1839,63120.11482726643
1840,145643.39444379613
1841,139817.46193873545
1842,102798.59592088556
1843,128805.04012978275
1844,139032.10286035214
1845,150017.73575683578
1846,156134.4447757689
1847,173942.5594519613
1848,-2456.4301340944367
1849,87021.2694893108
1850,125820.40509663953
1851,166803.5761481697
1852,126291.2181295614
1853,133829.26359695836
1854,185622.71894437133
1855,159750.68991004291
1856,227834.43391527317
1857,115102.96776195045
1858,167347.9983182532
1859,129108.04209770751
1860,146949.38353078032
1861,127894.0752335632
1862,282242.61684232915
1863,282242.61684232915
1864,282242.61684232915
1865,288359.3942118279
1866,292720.0909168861
1867,248569.10366888077
1868,278921.3255666165
1869,209920.311544201
1870,230765.2404324367
1871,249774.49695386493
1872,176965.25592450437
1873,234026.0577793062
1874,135261.19006576843
1875,220665.85055971972
1876,199542.68544939242
1877,220441.5685499612
1878,224368.99900814763
1879,121473.41796050046
1880,122485.94578304247
1881,233522.79351697967
1882,274721.2905064152
1883,219390.18766295922
1884,229874.76674130897
1885,247012.69966654817
1886,275770.485155349
1887,216408.69345576956
1888,258614.7911787202
1889,173701.4149240252
1890,106896.14898872236
1891,155292.62651782169
1892,87535.65248466772
1893,135441.01267461723
1894,175405.34860397072
1895,154850.39595954458
1896,121894.19369344797
1897,120986.88124947355
1898,135570.73823646025
1899,129776.29810035194
1900,151147.47060742218
1901,136671.7151285346
1902,144180.16347404348
1903,235483.61199168267
1904,128204.71744936623
1905,189287.30957684072
1906,143814.72372397908
1907,200750.6070328696
1908,141462.97780063923
1909,153594.18824264535
1910,153594.18824264535
1911,195995.1988273434
1912,268349.4190542778
1913,149787.5130892984
1914,46179.918001866085
1915,261657.3611217077
1916,-8096.805645999499
1917,267239.61104167963
1918,145137.29922406946
1919,166598.23394108785
1920,181900.98374933808
1921,323324.26548997255
1922,286147.63673146965
1923,211407.37108608254
1924,221915.77897212084
1925,237784.55865993805
1926,313754.4030833986
1927,125574.59119971434
1928,150860.0255666935
1929,109657.75306583347
1930,146612.65524709376
1931,123958.09943621431
1932,140535.8221257605
1933,146807.57238997484
1934,189786.20394676237
1935,174639.9588031649
1936,190216.3624111031
1937,190841.66236069507
1938,165853.14755874418
1939,263175.83176570723
1940,226045.7911905913
1941,191984.68332285515
1942,190477.80796797888
1943,226419.86734949786
1944,293781.2335297187
1945,304643.539165957
1946,182195.5704789973
1947,291457.9762265432
1948,175315.25092172937
1949,234719.08196364169
1950,197324.7622067678
1951,261615.00548613153
1952,239032.24334671244
1953,167051.37709621957
1954,224671.6592970047
1955,134490.43381505262
1956,286841.31255041144
1957,186435.95716206764
1958,280668.2810171648
1959,166240.30825359712
1960,96828.97448408685
1961,114884.89693830686
1962,135044.24926036887
1963,134614.09079602815
1964,130889.56582379167
1965,170166.94450214773
1966,177688.70878768142
1967,257623.2461809636
1968,329713.0810270376
1969,311424.9256505928
1970,352227.12510812155
1971,370856.70866427117
1972,316572.10111821594
1973,267782.77713991085
1974,285559.3599952186
1975,380011.5846454926
1976,256104.67166202154
1977,311034.11131477274
1978,322169.1998655059
1979,304642.5293317669
1980,215690.18004048464
1981,298945.58226056176
1982,237226.1382925735
1983,237226.1382925735
1984,212228.33163353323
1985,221030.46547687554
1986,227521.10486094968
1987,203682.29557517648
1988,184048.1678772337
1989,219114.28610292647
1990,234418.5147351675
1991,215577.6138810151
1992,231723.15694367106
1993,198503.0743199644
1994,256561.3747248015
1995,213764.2313861089
1996,275909.65201280254
1997,308589.2467998025
1998,288354.3965301373
1999,245156.79125251563
2000,293646.8457410635
2001,248287.5432934641
2002,233674.61487346876
2003,264227.97981890955
2004,256170.2975446625
2005,247043.2217593979
2006,239900.02763957775
2007,264112.50474377966
2008,204154.34920173546
2009,194894.35017338803
2010,216259.09022992488
2011,178569.8137073071
2012,199495.39433612383
2013,184383.1551560067
2014,191138.66137815232
2015,211972.53624703863
2016,192761.48483183293
2017,215638.7055212563
2018,121427.10393560608
2019,110583.31229489984
2020,115757.50773289008
2021,111443.62922358129
2022,181113.47408525122
2023,158150.80622595933
2024,246426.71259382984
2025,348675.8863067549
2026,204830.00251298246
2027,161801.63435730909
2028,198935.6241868377
2029,182512.8171870393
2030,281784.4146946961
2031,257637.65995923209
2032,266705.98282265465
2033,275287.7782539864
2034,195680.25993609906
2035,222995.84475772397
2036,236977.17652501643
2037,238135.96307715413
2038,327729.063661412
2039,225711.9918204773
2040,326267.01438853156
2041,242790.10954356205
2042,227328.5895940183
2043,182010.5223274791
2044,209659.4772958184
2045,216555.64444737567
2046,173576.9313922039
2047,143004.58775085898
2048,117014.68009315792
2049,182146.0805200251
2050,204639.01200794813
2051,91704.96207418328
2052,131382.21794495138
2053,131284.84197101148
2054,64935.491635924205
2055,155090.84163634467
2056,123771.38607291027
2057,121451.69166740985
2058,202627.25664838904
2059,134819.71268880146
2060,150225.85079114174
2061,186311.95745648828
2062,128399.4693972459
2063,103670.92700646678
2064,131102.3838890338
2065,115249.38868397614
2066,184860.50576909783
2067,132280.8473317147
2068,186691.59257491946
2069,56557.264140147134
2070,106179.50504810608
2071,62390.73465175275
2072,124156.25848227099
2073,124871.61261496053
2074,190058.10168276506
2075,151392.29428755736
2076,107280.07512269553
2077,142335.6794254993
2078,124574.35724307422
2079,148610.81151041004
2080,139396.63320079807
2081,153322.3894620476
2082,186415.53148987715
2083,145263.43758461473
2084,104327.57376310718
2085,132492.1217414335
2086,150003.66568249918
2087,127965.7293796154
2088,110859.84821954765
2089,85576.42500450613
2090,137882.24240319256
2091,100515.4327395627
2092,118263.25317397213
2093,138585.55048960994
2094,150189.61262928217
2095,152302.20052398567
2096,77928.17434338038
2097,86318.72055295715
2098,140291.0458777008
2099,-5844.664298023912
2100,85307.32314428187
2101,121331.25014190364
2102,164930.1842558073
2103,75496.47001348727
2104,171582.95869427233
2105,115615.85851491115
2106,28811.859820912592
2107,226952.5218126484
2108,119706.47007824329
2109,98883.51455159485
2110,115817.59474697255
2111,189058.1887902493
2112,150070.35105194303
2113,115693.59132837574
2114,122351.40295363555
2115,172599.15833725536
2116,100779.8254188085
2117,155242.85633166146
2118,145140.90818827238
2119,128502.85736430006
2120,100396.51365385111
2121,88130.0011385202
2122,82560.39355987252
2123,76405.45104017109
2124,212135.69429781253
2125,154988.0417768039
2126,157443.6287866981
2127,178586.58069731866
2128,151035.21229079727
2129,110768.62015459058
2130,162690.5236258317
2131,194240.96589845803
2132,111367.2670615958
2133,132925.7275090249
2134,134082.02062202326
2135,72141.29150634177
2136,55606.46718919766
2137,117706.04174480645
2138,126364.46639642201
2139,157917.73365245166
2140,123813.30277377041
2141,138864.01099679025
2142,130552.14820438705
2143,140425.19959680887
2144,116594.21914091124
2145,119430.4089932011
2146,148354.13152526238
2147,158877.69617497746
2148,120729.3651923039
2149,116661.95095422852
2150,217567.77271585923
2151,154989.89873085578
2152,157696.8709810864
2153,162093.69655032933
2154,116605.53079566953
2155,149739.46700039424
2156,259924.3764456584
2157,231833.73573194316
2158,240944.98099038668
2159,229318.9220432291
2160,195240.19900838926
2161,260368.7017267706
2162,337437.87192223093
2163,296126.8598975908
2164,243472.77123895974
2165,185775.24323243054
2166,135261.19006576843
2167,216491.88907836995
2168,197264.36679505173
2169,212876.8199433674
2170,226402.8886431615
2171,129406.26848111919
2172,134243.00278691307
2173,148085.5100955643
2174,254701.02975102898
2175,292065.3547464964
2176,272220.2383849531
2177,261135.31871681253
2178,243717.58789688267
2179,150934.68665269914
2180,228248.36021770292
2181,221749.28013896022
2182,232940.0346214067
2183,215771.1701276285
2184,131702.7065694501
2185,114930.91526691092
2186,159343.97995916905
2187,159234.68326271523
2188,164644.9103174099
2189,244553.0021870666
2190,74464.48910226568
2191,74464.48910226568
2192,78161.02134808607
2193,103302.47492867662
2194,95420.0906190105
2195,88914.9744177555
2196,90596.95962803846
2197,93392.92844854714
2198,177009.4218667798
2199,176936.97254025668
2200,137491.589092092
2201,130356.80123465939
2202,195704.266003386
2203,155960.006728063
2204,159669.47491325752
2205,129391.93295028235
2206,148352.82433449302
2207,213324.505986774
2208,220856.4410673544
2209,187941.4026393093
2210,141462.97780063923
2211,120270.64146734856
2212,133172.22068449634
2213,111517.19541166874
2214,150143.39564766374
2215,90259.78803243919
2216,175496.06788259523
2217,-17464.724520949298
2218,67073.19874271192
2219,61436.12020041293
2220,58943.45503436064
2221,261657.3611217077
2222,237014.80413073173
2223,255889.01323174464
2224,224012.43825909344
2225,146413.331850896
2226,166647.7431633788
2227,212389.9530734626
2228,252916.99379833427
2229,250002.81234526832
2230,145451.94094725943
2231,214503.08952614164
2232,192433.98748509155
2233,175096.76475663565
2234,243864.7114296226
2235,215295.6528672079
2236,274140.1955332026
2237,288543.65708556084
2238,210335.4130059547
2239,149339.20360741823
2240,174254.40115016943
2241,116641.82652883779
2242,131247.96037330583
2243,139915.1688107975
2244,89932.7072223957
2245,88139.72734440223
2246,136903.6062370442
2247,139273.78763661988
2248,116053.40862558503
2249,118035.92321665038
2250,121856.46477489965
2251,130953.3003960097
2252,196182.13887219352
2253,162462.23696356302
2254,178501.7807773234
2255,196632.30926438433
2256,203143.94193333352
2257,227294.13788831106
2258,194590.61703473947
2259,189518.06980199518
2260,156981.62191584182
2261,215558.2004128903
2262,227585.42333718773
2263,295511.3354207083
2264,352295.59876628604
2265,151537.16803339927
2266,282874.6467473825
2267,313083.3028624613
2268,333429.8616401303
2269,172728.91879474476
2270,193560.74243992206
2271,225002.93448540533
2272,219127.5883088495
2273,166991.62618829042
2274,177522.19170266797
2275,172019.42840773112
2276,196948.70298580604
2277,199383.20351851347
2278,146954.2865198386
2279,118614.5196039764
2280,91557.40307215683
2281,188287.9871523626
2282,188472.39441536774
2283,142014.8250659908
2284,153085.7950360832
2285,178286.95911558403
2286,123050.36181902885
2287,299118.15568238974
2288,266510.9974478461
2289,302156.6680367637
2290,349933.9809577252
2291,297328.372517584
2292,340280.2826934146
2293,361508.6904559167
2294,348258.5344171742
2295,363737.58700522536
2296,289076.0240247025
2297,267604.4815661801
2298,298681.81504142156
2299,335624.4179985664
2300,292788.3455575517
2301,251399.2814366765
2302,236239.4988227355
2303,268327.1207937108
2304,262811.0962616409
2305,189135.65777753328
2306,189135.65777753328
2307,192088.5115747304
2308,254863.61028381728
2309,279532.6414920344
2310,235728.6170857699
2311,217991.2967706112
2312,181663.01226084924
2313,185048.79137124552
2314,199878.12615684455
2315,182376.09772550792
2316,195105.74361540854
2317,189093.46916112292
2318,183695.0933462187
2319,203559.76126840978
2320,207145.99037861975
2321,251358.1798431651
2322,208147.7390865452
2323,186671.15896269737
2324,188107.23344663542
2325,228845.01721675333
2326,188780.6812224259
2327,232321.6628789181
2328,234681.08625304129
2329,195514.01775581844
2330,193273.96301461093
2331,312310.40005886124
2332,354612.5930731689
2333,303525.17706388293
2334,260420.01992408966
2335,272019.3595067508
2336,298443.9465289196
2337,216716.88821436663
2338,254295.42127695552
2339,252919.54472587665
2340,335941.74596494937
2341,227906.10864898388
2342,253102.321857873
2343,226918.18785478955
2344,238994.4342502727
2345,263033.5181280287
2346,237323.5142665134
2347,213458.07858161873
2348,249992.60863509972
2349,162349.2522571726
2350,256501.37941670197
2351,257509.48432022764
2352,265762.2368444443
2353,245593.14702837646
2354,172760.30047663243
2355,199523.40260119468
2356,147784.96099525585
2357,225320.2348294087
2358,198247.56822601042
2359,157568.9162178497
2360,119961.71640235698
2361,128236.85112292098
2362,267888.43278934073
2363,130568.21504116443
2364,154513.0997198507
2365,239360.86377749953
2366,221055.6212699978
2367,254265.9353603624
2368,214872.4041658222
2369,254530.82779341622
2370,179864.16221072443
2371,184603.48686666123
2372,211828.17774975963
2373,266824.55372521223
2374,285931.48221973574
2375,246748.85491453216
2376,277630.3511054596
2377,321554.5696059229
2378,154016.77666442224
2379,224999.69266753655
2380,152293.24723451596
2381,172637.42523872678
2382,208096.04606057995
2383,229413.6847986431
2384,243460.586349032
2385,152932.7089859884
2386,150270.09662517335
2387,128954.38029899786
2388,82308.89774580405
2389,120860.8448123833
2390,128406.55307301856
2391,118902.87455492048
2392,112649.02250856545
2393,184291.93288152886
2394,148259.57376903726
2395,203670.90606904228
2396,168974.81945304864
2397,196785.91769231542
2398,102801.27522710105
2399,41286.821349442354
2400,32784.85219740844
2401,104633.88203626627
2402,129779.2072097722
2403,169459.69131621264
2404,131661.14380036772
2405,165206.74428036215
2406,138038.45361750538
2407,120412.6896276261
2408,127167.60189502023
2409,133447.928158617
2410,192421.04622714466
2411,113688.02454834909
2412,147711.19777828373
2413,137287.2206641283
2414,123144.33506207669
2415,165158.10667280585
2416,136886.00876700447
2417,144970.16451056406
2418,113507.45295180904
2419,131251.55332606554
2420,113021.26386628114
2421,133914.22838162596
2422,111703.62347184622
2423,94049.03352581582
2424,164679.2234828052
2425,206589.56836906692
2426,100923.61791417853
2427,115577.70293682301
2428,195308.90374691796
2429,113476.49717630155
2430,144101.32668685622
2431,126489.00587760576
2432,124365.4249438548
2433,134750.69741754082
2434,141601.099173437
2435,152832.50822446484
2436,89744.08297438943
2437,111013.47075924056
2438,112685.43777436344
2439,98114.67024074378
2440,138951.94722712075
2441,106552.35238290252
2442,100996.36975914694
2443,111458.63204786566
2444,95495.34919583437
2445,66287.89749564219
2446,113371.20861958945
2447,202373.01324240875
2448,158263.81536043726
2449,99146.01796388032
2450,154900.7119014248
2451,119548.76405650366
2452,203121.16117779596
2453,66780.35371621477
2454,84575.01007773017
2455,102887.29518780718
2456,138648.23163020553
2457,114057.78173652769
2458,137215.82925384946
2459,100065.85895131482
2460,152185.89175072976
2461,121013.46934442909
2462,129198.79369556939
2463,115512.30260559754
2464,197097.3552314724
2465,138817.6006905419
2466,117275.52166226518
2467,162898.3236632716
2468,90626.67333605699
2469,105489.72178094601
2470,206013.51542506518
2471,215396.84414228413
2472,190877.84951615531
2473,107385.72631202324
2474,95027.02626081428
2475,227999.02639513707
2476,120096.73225718865
2477,120601.90529067931
2478,158137.69587425597
2479,100418.68012179772
2480,121692.8088309929
2481,127376.53419423953
2482,112416.1483693429
2483,115751.55556862499
2484,119736.7172663603
2485,116727.4945014132
2486,147163.4161917594
2487,182234.8516864687
2488,166935.5247588941
2489,152051.2716816616
2490,134745.5955624563
2491,60906.202753861086
2492,187065.40032251843
2493,115643.52621457039
2494,153226.4799324557
2495,91157.58488993009
2496,224529.54407756322
2497,176279.18965987873
2498,109292.83690187789
2499,65062.09832410223
2500,132914.11174835602
2501,146049.23525439145
2502,144965.16714571428
2503,97639.36874627718
2504,181013.97094273672
2505,227096.9986995497
2506,263139.62165562867
2507,303616.24512753787
2508,263139.62165562867
2509,230582.1964859214
2510,250062.87824687606
2511,207620.2046482648
2512,225635.8820095925
2513,224028.017981995
2514,239992.69981140306
2515,137923.44998897484
2516,165300.37621006987
2517,135261.19006576843
2518,145023.43861267169
2519,230412.66441476776
2520,219578.8015794974
2521,217168.79483135708
2522,229048.1872751239
2523,117830.78169152548
2524,128111.14783389156
2525,127098.11509425426
2526,132108.27730198705
2527,120174.78486775665
2528,117433.23547576787
2529,115315.05540264735
2530,79317.01470760955
2531,238997.24823444418
2532,235136.79888517444
2533,220171.2151228584
2534,251854.59118916572
2535,300903.041944265
2536,232102.6863945393
2537,236170.71697840386
2538,204943.52061447746
2539,200376.2333177816
2540,189856.41011586448
2541,205341.06683023518
2542,161863.10101849225
2543,119154.34790815879
2544,106893.75833327416
2545,122147.65644467669
2546,159545.46530237736
2547,152843.30559093424
2548,167623.89987828594
2549,153847.5005214688
2550,596691.0075453342
2551,155292.62651782169
2552,117010.3208321376
2553,74464.48910226568
2554,129629.80285164248
2555,108793.87223170616
2556,72912.9472857588
2557,84816.67115610256
2558,194856.34233240935
2559,136973.90030019113
2560,129147.39411184727
2561,147202.87518769607
2562,140309.53088615055
2563,144351.18597142526
2564,185851.14454926236
2565,99653.64320369728
2566,123038.49448579515
2567,123224.71040375566
2568,179572.1028455923
2569,182338.6645674837
2570,142180.32185672445
2571,167871.75421268248
2572,204284.9340464921
2573,228436.15208836936
2574,271834.8805953512
2575,139470.2274250012
2576,135743.71633139683
2577,141015.45667293493
2578,87895.23906779569
2579,6309.100740109803
2580,142289.67925213848
2581,103064.87320822699
2582,103212.34409476805
2583,259313.70333756215
2584,162877.96599482268
2585,171480.96472605004
2586,219932.80435548665
2587,218230.3081940905
2588,165620.4646224064
2589,151269.8961520713
2590,219095.54111077997
2591,200703.51352946984
2592,242909.32898209163
2593,255191.29091913358
2594,197221.54944828607
2595,231318.78831614985
2596,283758.9655433303
2597,198949.3207110908
2598,267673.99759288447
2599,323697.8090913795
2600,101126.4005694316
2601,156405.27231610904
2602,95801.60741861002
2603,88975.01431977446
2604,94941.29048992868
2605,97522.2412759728
2606,127064.71597832057
2607,176407.18605110154
2608,170564.7930093963
2609,144661.99897621677
2610,109227.59460149275
2611,143355.91931084672
2612,140693.76742423384
2613,116053.40862558503
2614,121746.10415088653
2615,161188.17121567216
2616,144481.26497248432
2617,181441.438416673
2618,184634.08911499742
2619,240471.1566627199
2620,182261.22920116212
2621,188560.74788644176
2622,195905.45153521711
2623,269128.06185787136
2624,271646.64211371157
2625,326452.7799967333
2626,170617.71704545955
2627,217207.9325135547
2628,339854.1782969652
2629,399778.7621991165
2630,315872.96449752117
2631,372653.79986054695
2632,339464.5148761965
2633,290930.4417882628
2634,312203.0118984935
2635,158548.8262412994
2636,219291.79331598163
2637,179818.98378650413
2638,256764.4253471085
2639,186205.85576722433
2640,157205.93292671593
2641,92251.00970561907
2642,197445.22779028805
2643,142014.8250659908
2644,140617.0344335033
2645,137295.0126288404
2646,132462.05862777226
2647,141584.66660165007
2648,154807.4402226495
2649,139440.5177147534
2650,177258.5503233407
2651,170597.10296648846
2652,340315.74071259017
2653,259327.8132015491
2654,246620.01483342296
2655,303742.5676686944
2656,300597.60148505436
2657,308707.7658706218
2658,283339.2077572533
2659,286931.51551247097
2660,297957.96335494064
2661,297419.70035107865
2662,295991.19441553566
2663,270114.1540579485
2664,278394.2174678637
2665,289031.1228197977
2666,287367.21036779357
2667,179513.75398697506
2668,205396.2471422417
2669,189523.62762546365
2670,285132.2829704975
2671,205396.2471422417
2672,211836.54691153963
2673,222373.68488700094
2674,225191.62742814387
2675,196971.16495543823
2676,213466.7274515567
2677,208371.92565489805
2678,257477.5697951835
2679,260420.62583310006
2680,278767.2392883367
2681,346865.721422749
2682,305506.5663441407
2683,382813.9848023533
2684,294175.1600011721
2685,310462.93545645743
2686,264338.42873265024
2687,260517.42077000823
2688,250703.82915380702
2689,231901.61844616022
2690,349439.615623016
2691,197502.62548585434
2692,175824.3581615003
2693,218435.63558629144
2694,174909.2063128982
2695,219957.41172800132
2696,211386.56198181876
2697,203063.44630319544
2698,192121.9332964638
2699,188631.17702322744
2700,174002.9277969309
2701,164700.07987172005
2702,121329.72796166618
2703,157999.8726505601
2704,130161.03902551683
2705,122287.42086428741
2706,116581.81117626559
2707,116518.56220219389
2708,125615.2457682956
2709,115867.17757273186
2710,118757.8820139441
2711,283604.72003849235
2712,309150.2803108363
2713,198663.08567251323
2714,186256.4718862133
2715,181899.65157833986
2716,175544.29859903862
2717,207936.6564981743
2718,253877.55667851667
2719,139526.91925555386
2720,195899.24854603142
2721,129152.00297152321
2722,164596.33540459874
2723,146098.0216292612
2724,114602.07752510475
2725,128291.68604284176
2726,136209.45054120116
2727,176964.38675366517
2728,173526.19745825336
2729,134827.1845956958
2730,142100.27290903835
2731,117361.95787855855
2732,116511.50262723432
2733,148726.0312475547
2734,158422.85497373284
2735,131084.1371117822
2736,148614.7506014955
2737,110364.78248338378
2738,171026.2277942769
2739,166840.20587395376
2740,146609.48923076421
2741,145277.65727781563
2742,165723.56934429437
2743,141788.72810368298
2744,149651.87864011398
2745,146232.27920090675
2746,118692.05577026343
2747,150546.69857622718
2748,108165.56778281671
2749,120163.10275982553
2750,123975.92104809545
2751,107945.6401034972
2752,213210.78872894228
2753,141356.59411624784
2754,224717.2766051452
2755,150226.33907833055
2756,35096.99038517778
2757,36551.88231227372
2758,40158.71287406224
2759,142032.16197221365
2760,118949.85774208803
2761,156325.52058219293
2762,160718.15730112197
2763,194467.89715934743
2764,163399.89385998726
2765,256793.48684625945
2766,116850.66745225294
2767,42947.81148307433
2768,165685.64111108647
2769,134377.26035855885
2770,172443.25915538438
2771,111013.47075924056
2772,124407.96599787369
2773,138278.45900190028
2774,156307.73398353078
2775,121447.44522338221
2776,135635.58246062614
2777,155899.70510820847
2778,139844.54206181655
2779,120613.64075064904
2780,129591.75029204029
2781,90975.61285934015
2782,74597.46938342892
2783,62767.06969644909
2784,115989.14127847564
2785,126143.90826596401
2786,14498.037531670765
2787,141800.3672404854
2788,43402.09656408732
2789,209784.22911965952
2790,100257.48834480636
2791,117279.61667149758
2792,56595.27183727408
2793,169704.1897954255
2794,63510.66993205098
2795,118086.31774309359
2796,88865.96392198314
2797,242141.9356717734
2798,93166.82855934149
2799,100348.79226028302
2800,82917.65386150987
2801,127140.12194206193
2802,135447.45373672165
2803,220958.36757027742
2804,119969.77099897014
2805,82046.1428362967
2806,99704.53480629728
2807,190800.50853168347
2808,129803.38760098524
2809,140266.83478962944
2810,128957.25102364342
2811,154682.14531805797
2812,153482.90127158922
2813,207191.73589356255
2814,205694.21468675893
2815,93014.82268854545
2816,237525.7704312635
2817,119800.54141298903
2818,109607.90462127363
2819,197060.91630390508
2820,114089.72131809534
2821,116370.87551771605
2822,175337.40737912583
2823,300044.8123909385
2824,170052.29276888457
2825,116219.73374263837
2826,124059.1166706956
2827,175247.14961855032
2828,237417.24618386955
2829,190726.39874846826
2830,242124.05552679824
2831,202462.0760470518
2832,232505.19827163417
2833,256868.18802121107
2834,228257.41687686497
2835,236239.4988227355
2836,211993.54541389097
2837,178335.73458173044
2838,145273.02548047237
2839,179069.7342213135
2840,217504.41690091195
2841,219480.070379282
2842,224189.1485941863
2843,164271.12786634208
2844,165778.1890891391
2845,115315.05540264735
2846,221039.6448588908
2847,196569.43127738067
2848,238595.36484969303
2849,230439.85501116293
2850,275272.4028423097
2851,240991.10285061074
2852,235473.41704204038
2853,233799.14060777344
2854,150504.52818835864
2855,216743.36243160802
2856,222081.15368093073
2857,212821.2500939892
2858,213111.11573987838
2859,89716.91677810287
2860,149056.73855306662
2861,139981.6142608897
2862,218532.49214917293
2863,155565.2808156315
2864,261006.29618319368
2865,155292.62651782169
2866,223009.6099767097
2867,79054.86982771487
2868,133045.05067642883
2869,121198.28916684573
2870,118970.43990642834
2871,98732.35966462537
2872,-8197.97761203826
2873,81080.49084423028
2874,141994.6286599225
2875,150799.00964345818
2876,167992.23720412038
2877,145447.87528816017
2878,175961.83944029512
2879,135830.26979251846
2880,124255.98287512164
2881,144096.16872578033
2882,149655.35717730562
2883,190107.66944577883
2884,179229.95447465556
2885,167459.48573409917
2886,192395.97277032316
2887,111728.2112036501
2888,139222.3798733243
2889,46976.429372325074
2890,51960.38477863476
2891,175604.62371569767
2892,25215.184286571457
2893,127883.6467190634
2894,30673.86189385201
2895,267326.132610225
2896,260200.49448348524
2897,202784.84024572663
2898,205599.3110627943
2899,247471.49373830075
2900,164240.76754059957
2901,197366.01102770737
2902,192732.4029465752
2903,281711.32253743394
2904,301246.6989906883
2905,27248.552352979896
2906,210090.88310086785
2907,124935.99865104898
2908,114146.2246653504
2909,177974.00552411296
2910,71801.27243276464
2911,95801.60741861002
2912,148117.68930735404
2913,94941.29048992868
2914,94941.29048992868
2915,94941.29048992868
2916,94941.29048992868
2917,140103.57796663337
2918,131112.07267065125
2919,235063.73573830572
