Id,SalePrice
1461,121279.48
1462,171394.66
1463,148005.89
1464,169025.48
1465,221876.4
1466,164847.75
1467,161180.47
1468,157614.36
1469,191777.28
1470,104644.19
1471,201353.67
1472,122448.48
1473,109880.46
1474,160714.89
1475,152218.5
1476,367803.0
1477,253941.97
1478,321819.16
1479,296780.7
1480,436839.06
1481,325597.16
1482,231989.56
1483,172793.73
1484,180160.19
1485,159489.64
1486,193336.4
1487,342586.75
1488,260862.92
1489,186085.81
1490,184698.4
1491,189543.2
1492,116531.78
1493,164199.39
1494,291483.94
1495,296659.25
1496,215732.06
1497,190798.47
1498,160734.38
1499,160734.38
1500,140030.17
1501,158220.86
1502,152854.06
1503,247337.88
1504,236798.06
1505,216443.0
1506,217220.12
1507,234844.11
1508,199803.8
1509,159773.8
1510,147000.6
1511,137243.19
1512,165972.84
1513,161799.39
1514,174471.34
1515,196127.1
1516,153063.7
1517,152562.22
1518,168728.86
1519,214808.55
1520,140427.27
1521,145137.66
1522,178643.14
1523,115733.484
1524,125220.56
1525,113956.836
1526,128849.51
1527,94675.055
1528,146727.77
1529,142808.17
1530,169185.27
1531,126197.54
1532,116358.6
1533,155703.1
1534,148683.6
1535,142060.02
1536,115016.58
1537,68124.4
1538,199252.81
1539,238063.53
1540,173167.94
1541,155028.61
1542,147873.84
1543,223567.69
1544,92178.695
1545,126324.89
1546,136048.48
1547,132943.58
1548,150284.58
1549,106833.484
1550,146488.38
1551,144861.67
1552,113744.78
1553,160910.17
1554,138420.0
1555,171149.08
1556,105264.02
1557,139857.83
1558,122391.58
1559,111738.484
1560,150466.22
1561,155932.83
1562,120265.805
1563,119462.65
1564,154871.44
1565,129150.63
1566,208701.83
1567,91289.77
1568,193492.95
1569,113022.02
1570,130690.445
1571,117678.45
1572,142653.28
1573,212814.78
1574,152179.69
1575,205417.73
1576,178443.25
1577,186379.97
1578,155808.45
1579,122234.49
1580,193087.67
1581,131471.2
1582,120313.555
1583,320325.5
1584,225459.0
1585,133408.48
1586,68068.96
1587,96785.37
1588,133033.0
1589,105651.82
1590,148147.36
1591,111209.195
1592,143467.84
1593,134746.69
1594,136725.23
1595,147100.02
1596,250119.62
1597,177230.58
1598,173258.66
1599,188193.94
1600,210794.06
1601,67926.18
1602,135234.62
1603,91166.87
1604,264094.56
1605,246084.81
1606,168907.78
1607,242101.61
1608,196521.47
1609,185755.02
1610,117996.08
1611,140211.61
1612,163785.03
1613,157465.66
1614,121710.125
1615,96720.55
1616,96720.55
1617,96255.2
1618,119706.49
1619,116959.76
1620,205925.25
1621,119363.945
1622,121530.39
1623,254765.94
1624,186485.92
1625,136494.16
1626,183018.28
1627,169993.69
1628,265918.34
1629,170600.55
1630,386181.25
1631,242687.05
1632,271522.12
1633,160049.11
1634,171430.56
1635,156646.31
1636,161792.78
1637,169501.88
1638,210783.86
1639,194272.14
1640,263394.0
1641,182718.62
1642,204013.47
1643,243839.28
1644,234083.38
1645,169401.98
1646,156728.83
1647,184577.81
1648,143066.39
1649,133006.53
1650,102504.19
1651,102443.46
1652,122375.5
1653,122412.0
1654,162553.34
1655,173930.62
1656,160642.02
1657,162480.31
1658,160605.52
1659,152182.25
1660,126618.93
1661,433987.78
1662,377187.34
1663,374146.7
1664,517925.78
1665,328543.5
1666,291021.66
1667,332471.72
1668,329486.66
1669,286604.4
1670,338974.12
1671,244404.02
1672,439249.3
1673,285785.25
1674,261648.25
1675,175604.47
1676,171305.73
1677,198286.38
1678,493509.2
1679,353308.38
1680,353940.8
1681,274009.38
1682,280791.06
1683,205217.4
1684,176731.92
1685,156660.47
1686,186396.9
1687,159489.64
1688,189790.86
1689,187375.66
1690,180374.64
1691,170746.78
1692,239531.7
1693,159489.64
1694,159828.78
1695,162057.14
1696,247606.16
1697,162057.14
1698,343676.97
1699,332772.97
1700,202732.2
1701,274917.5
1702,276541.1
1703,265751.5
1704,277904.8
1705,239266.34
1706,443020.53
1707,208683.05
1708,204335.12
1709,288965.34
1710,237009.45
1711,227987.38
1712,298308.9
1713,235900.25
1714,224144.12
1715,188562.58
1716,182631.9
1717,176302.64
1718,156575.23
1719,196220.61
1720,250348.64
1721,174143.53
1722,137738.53
1723,140222.56
1724,210473.47
1725,218782.69
1726,170202.97
1727,174002.17
1728,181753.28
1729,150754.67
1730,144376.53
1731,128205.21
1732,119543.47
1733,119543.47
1734,133821.39
1735,123109.3
1736,123120.945
1737,329903.78
1738,200318.62
1739,319427.47
1740,205406.1
1741,159087.4
1742,158220.86
1743,175297.7
1744,282501.66
1745,220030.34
1746,241989.0
1747,207032.53
1748,223837.64
1749,154963.05
1750,161651.42
1751,225781.39
1752,119474.125
1753,164540.38
1754,233583.52
1755,170176.58
1756,106251.34
1757,119566.71
1758,120548.055
1759,158527.52
1760,153114.69
1761,151509.89
1762,146082.36
1763,176957.02
1764,126790.71
1765,183334.38
1766,185063.22
1767,195415.39
1768,141709.28
1769,180079.31
1770,146857.47
1771,136835.5
1772,158342.55
1773,119799.484
1774,185242.12
1775,149975.61
1776,115640.73
1777,114419.96
1778,132133.94
1779,96090.14
1780,168272.25
1781,144793.12
1782,81659.055
1783,119746.9
1784,90016.3
1785,134834.66
1786,147477.8
1787,176014.84
1788,67871.76
1789,112761.91
1790,77147.21
1791,238223.02
1792,175428.44
1793,137731.25
1794,138816.75
1795,153155.94
1796,112341.98
1797,141937.06
1798,132812.31
1799,109778.18
1800,112695.58
1801,121742.1
1802,160194.73
1803,169491.94
1804,125104.19
1805,148600.4
1806,154519.2
1807,177369.5
1808,106321.95
1809,115503.53
1810,134032.27
1811,108734.445
1812,118651.914
1813,128097.02
1814,93908.23
1815,69912.336
1816,101294.34
1817,105571.27
1818,189862.56
1819,142890.14
1820,92030.44
1821,153250.16
1822,141997.88
1823,70839.0
1824,164755.28
1825,126226.65
1826,102579.35
1827,124696.83
1828,146866.4
1829,128478.75
1830,173994.17
1831,199991.11
1832,176485.2
1833,163139.95
1834,135815.94
1835,207149.8
1836,172069.38
1837,95966.16
1838,131754.72
1839,88110.43
1840,149310.22
1841,143352.89
1842,116152.4
1843,133530.66
1844,123113.01
1845,140426.75
1846,155588.6
1847,160673.88
1848,71029.78
1849,93954.72
1850,135228.14
1851,161712.52
1852,136447.48
1853,135582.34
1854,169991.84
1855,138444.55
1856,199718.0
1857,128040.48
1858,136986.52
1859,107468.01
1860,137821.44
1861,106530.8
1862,293040.72
1863,293040.72
1864,293040.72
1865,297814.75
1866,325453.72
1867,244322.52
1868,298790.0
1869,191790.5
1870,216955.66
1871,248458.28
1872,152120.89
1873,231373.73
1874,128582.805
1875,213133.5
1876,176261.66
1877,209457.03
1878,216542.81
1879,122562.05
1880,123073.875
1881,228922.72
1882,263624.25
1883,192788.11
1884,204508.97
1885,247649.83
1886,297941.12
1887,207350.39
1888,259993.94
1889,147093.31
1890,118985.234
1891,127393.664
1892,104600.28
1893,129618.93
1894,170974.5
1895,152409.62
1896,125113.73
1897,125881.77
1898,138630.92
1899,136315.53
1900,161536.97
1901,130457.07
1902,150135.55
1903,240665.02
1904,138167.1
1905,195438.72
1906,145448.22
1907,198792.25
1908,125359.44
1909,135554.16
1910,135554.16
1911,171377.23
1912,308746.97
1913,162604.73
1914,83977.85
1915,264050.94
1916,67434.38
1917,258191.84
1918,138415.36
1919,154004.28
1920,168872.92
1921,383774.16
1922,310196.94
1923,188068.61
1924,223924.75
1925,211249.55
1926,368090.66
1927,130229.43
1928,152167.39
1929,114332.0
1930,122108.24
1931,118025.97
1932,119714.664
1933,115486.91
1934,169062.02
1935,153568.48
1936,169025.48
1937,170060.69
1938,158802.52
1939,267315.16
1940,221876.4
1941,170501.28
1942,170146.44
1943,211630.73
1944,303257.34
1945,354676.62
1946,180396.69
1947,323727.34
1948,176437.8
1949,239454.81
1950,190506.3
1951,288445.9
1952,248128.62
1953,164509.77
1954,204079.83
1955,125068.51
1956,314243.6
1957,183772.12
1958,259808.6
1959,154505.52
1960,109287.49
1961,119427.94
1962,122375.5
1963,122412.0
1964,123117.88
1965,160714.89
1966,173777.55
1967,259001.08
1968,389630.4
1969,363930.44
1970,432634.25
1971,457434.25
1972,350365.84
1973,249383.8
1974,279204.12
1975,485835.38
1976,260330.22
1977,342468.94
1978,375011.53
1979,350889.88
1980,200158.39
1981,341108.3
1982,228408.84
1983,228408.84
1984,185488.89
1985,209003.69
1986,215054.53
1987,184465.98
1988,159525.19
1989,192575.16
1990,205256.67
1991,198286.38
1992,208465.17
1993,174210.83
1994,239105.28
1995,189384.61
1996,272008.78
1997,347659.25
1998,324275.22
1999,228815.98
2000,306021.62
2001,234671.6
2002,227041.8
2003,265753.56
2004,236425.61
2005,243499.0
2006,231558.98
2007,269793.78
2008,186158.75
2009,169114.88
2010,189910.3
2011,157834.69
2012,181529.17
2013,162454.89
2014,170841.98
2015,189862.75
2016,168058.14
2017,193503.8
2018,128492.59
2019,119543.47
2020,121406.65
2021,119520.445
2022,171760.84
2023,146262.02
2024,224108.64
2025,438548.62
2026,188099.45
2027,138496.73
2028,172369.98
2029,159352.27
2030,308803.97
2031,251386.38
2032,265325.7
2033,295818.12
2034,172491.56
2035,196272.14
2036,219496.17
2037,220812.6
2038,356346.84
2039,210771.1
2040,365870.3
2041,262477.2
2042,201295.0
2043,182622.0
2044,204036.27
2045,214067.75
2046,169429.06
2047,130653.79
2048,123448.445
2049,174309.66
2050,187448.16
2051,94463.25
2052,138235.78
2053,138546.39
2054,90062.055
2055,159900.6
2056,119488.62
2057,132496.28
2058,194280.9
2059,142917.64
2060,156100.42
2061,184305.12
2062,137545.89
2063,113394.97
2064,141169.5
2065,127660.89
2066,181329.19
2067,118024.75
2068,181982.03
2069,82408.914
2070,116261.91
2071,89590.44
2072,130928.68
2073,126729.65
2074,182654.06
2075,151326.81
2076,120556.35
2077,148876.1
2078,131719.33
2079,152420.02
2080,141892.16
2081,150331.84
2082,179956.02
2083,137852.53
2084,116708.51
2085,138436.84
2086,115655.57
2087,128543.54
2088,126255.445
2089,105430.84
2090,137863.38
2091,118410.53
2092,125825.586
2093,136707.58
2094,166167.67
2095,153957.81
2096,96714.04
2097,115931.09
2098,139840.1
2099,70788.695
2100,93664.62
2101,142235.47
2102,171882.12
2103,92945.57
2104,168826.36
2105,129776.75
2106,71269.945
2107,289960.9
2108,128538.89
2109,110646.88
2110,134453.56
2111,182179.5
2112,158757.69
2113,120410.33
2114,140789.89
2115,172714.89
2116,123111.67
2117,162645.19
2118,152523.39
2119,138907.47
2120,103744.99
2121,114134.445
2122,99082.734
2123,94727.58
2124,222339.69
2125,165584.6
2126,172174.67
2127,189165.47
2128,163711.48
2129,122644.664
2130,152650.16
2131,206836.2
2132,127833.44
2133,148706.27
2134,149681.11
2135,97812.945
2136,87798.74
2137,125364.59
2138,130887.57
2139,148112.6
2140,129044.51
2141,122872.625
2142,135100.92
2143,135771.31
2144,135432.22
2145,126698.195
2146,136497.98
2147,155678.9
2148,120530.79
2149,120554.01
2150,222829.28
2151,152893.73
2152,162268.28
2153,162654.38
2154,119381.67
2155,140319.06
2156,241405.94
2157,232812.4
2158,217386.45
2159,199563.9
2160,168391.95
2161,263221.12
2162,403666.6
2163,332804.44
2164,243946.52
2165,182113.38
2166,128582.805
2167,207478.33
2168,173690.66
2169,187427.1
2170,200619.16
2171,109230.195
2172,135232.56
2173,127391.9
2174,243157.39
2175,310439.4
2176,291606.94
2177,245017.95
2178,223482.48
2179,133396.95
2180,215606.19
2181,210233.05
2182,225151.94
2183,198539.7
2184,136533.0
2185,104942.195
2186,145337.75
2187,149694.34
2188,147828.06
2189,211267.62
2190,92623.51
2191,92623.51
2192,94198.914
2193,111989.65
2194,94047.57
2195,108132.79
2196,94921.15
2197,108091.484
2198,192624.19
2199,178315.48
2200,144555.98
2201,144061.16
2202,206928.11
2203,162500.97
2204,163917.55
2205,134958.45
2206,152178.55
2207,197204.4
2208,220534.89
2209,179578.67
2210,125359.44
2211,130665.016
2212,137464.5
2213,118894.25
2214,134540.38
2215,105104.41
2216,172251.5
2217,70982.14
2218,90277.42
2219,93361.305
2220,89107.984
2221,264050.94
2222,232547.12
2223,256321.42
2224,199858.72
2225,121931.94
2226,151910.42
2227,204585.36
2228,252107.25
2229,228251.48
2230,116628.43
2231,185992.56
2232,174799.4
2233,167865.16
2234,240718.94
2235,201774.56
2236,289791.78
2237,317877.66
2238,198015.02
2239,136058.92
2240,161924.9
2241,129084.25
2242,132540.94
2243,127063.484
2244,94963.29
2245,93976.74
2246,139389.73
2247,133009.11
2248,115700.195
2249,117880.14
2250,119974.195
2251,150662.78
2252,196738.69
2253,137969.7
2254,151604.27
2255,173554.17
2256,179709.27
2257,204637.72
2258,183381.58
2259,169904.66
2260,146478.75
2261,208511.64
2262,205543.12
2263,305044.44
2264,436920.7
2265,146124.5
2266,305006.25
2267,349500.12
2268,401671.72
2269,157537.84
2270,178466.98
2271,232030.84
2272,199954.61
2273,160445.16
2274,172372.39
2275,166383.1
2276,192205.34
2277,187861.6
2278,137848.94
2279,123177.914
2280,107735.086
2281,174014.48
2282,176885.52
2283,128531.19
2284,139789.45
2285,173981.47
2286,128756.984
2287,341746.3
2288,276564.78
2289,340325.3
2290,432646.16
2291,294532.1
2292,424613.44
2293,453371.16
2294,418830.06
2295,464358.25
2296,306566.7
2297,248180.16
2298,341698.1
2299,392968.5
2300,301497.3
2301,229003.44
2302,231733.64
2303,281652.75
2304,256004.89
2305,167448.03
2306,167448.03
2307,175935.23
2308,255520.08
2309,298451.5
2310,226107.03
2311,205217.4
2312,161291.75
2313,159541.56
2314,171971.66
2315,156556.52
2316,165644.88
2317,172959.05
2318,157464.47
2319,176659.05
2320,188984.64
2321,248363.83
2322,190126.95
2323,166702.03
2324,159489.64
2325,219286.22
2326,160377.75
2327,202874.53
2328,206376.73
2329,172174.81
2330,171293.83
2331,365030.28
2332,419119.78
2333,327793.94
2334,245045.22
2335,268262.22
2336,317662.5
2337,200214.7
2338,253885.86
2339,252310.53
2340,414808.53
2341,225524.34
2342,253573.6
2343,217151.77
2344,213194.97
2345,256391.14
2346,227797.56
2347,195966.34
2348,227438.69
2349,141286.16
2350,236801.66
2351,258604.88
2352,274826.56
2353,222533.36
2354,152215.39
2355,176467.94
2356,136254.75
2357,213646.81
2358,175923.62
2359,139895.42
2360,121601.65
2361,132621.9
2362,263475.72
2363,132328.27
2364,148716.56
2365,233212.14
2366,203331.27
2367,253406.12
2368,198140.55
2369,255008.61
2370,157307.77
2371,160819.14
2372,198367.0
2373,254186.47
2374,283629.75
2375,244067.7
2376,316156.6
2377,399785.0
2378,146778.81
2379,214138.64
2380,146205.17
2381,168219.1
2382,202839.02
2383,230384.62
2384,231457.66
2385,155119.25
2386,149123.83
2387,130232.06
2388,94370.07
2389,126860.016
2390,128543.72
2391,127020.36
2392,121798.18
2393,185124.1
2394,150939.48
2395,190446.81
2396,159554.55
2397,196806.28
2398,119042.44
2399,76684.66
2400,72209.04
2401,115391.195
2402,137619.7
2403,167493.16
2404,130219.55
2405,163642.11
2406,140520.03
2407,130368.11
2408,133651.62
2409,140490.39
2410,188265.52
2411,123926.336
2412,150802.27
2413,145931.53
2414,127716.69
2415,167399.31
2416,141475.05
2417,148342.25
2418,124162.27
2419,138193.31
2420,124080.016
2421,137211.0
2422,124133.734
2423,129099.195
2424,161842.92
2425,186150.89
2426,131966.55
2427,136458.42
2428,186449.92
2429,122838.99
2430,141589.27
2431,130091.97
2432,132725.95
2433,142457.53
2434,147817.69
2435,157911.53
2436,94852.586
2437,119531.99
2438,112322.2
2439,114196.82
2440,140133.75
2441,130468.31
2442,125977.32
2443,122955.52
2444,117577.17
2445,93660.53
2446,132379.75
2447,224710.86
2448,161771.81
2449,109176.83
2450,174194.75
2451,125721.24
2452,227763.95
2453,86275.164
2454,92683.984
2455,120355.61
2456,137738.9
2457,114455.52
2458,138740.47
2459,112183.83
2460,151213.34
2461,123554.164
2462,133915.84
2463,126502.13
2464,216108.66
2465,142763.8
2466,127195.836
2467,164326.77
2468,113519.39
2469,129757.29
2470,195805.56
2471,211845.88
2472,190299.1
2473,116444.03
2474,119972.84
2475,234778.9
2476,122404.84
2477,126143.24
2478,156077.6
2479,114504.32
2480,131769.16
2481,132644.97
2482,115036.52
2483,120945.03
2484,125380.82
2485,123074.586
2486,151476.12
2487,187701.9
2488,167092.75
2489,137212.33
2490,142061.83
2491,83739.336
2492,176623.45
2493,116044.72
2494,155464.62
2495,96879.234
2496,239655.62
2497,170525.28
2498,119578.24
2499,84344.76
2500,134759.9
2501,155398.64
2502,142400.22
2503,124900.445
2504,118977.29
2505,200559.88
2506,267303.4
2507,343842.56
2508,267303.4
2509,223049.45
2510,247897.3
2511,190530.5
2512,197223.28
2513,205015.72
2514,222070.72
2515,130975.32
2516,144791.58
2517,128582.805
2518,136559.92
2519,207765.06
2520,194647.66
2521,191534.17
2522,205526.42
2523,120229.125
2524,133411.42
2525,132015.84
2526,132517.84
2527,121119.55
2528,119799.62
2529,119416.336
2530,90134.15
2531,237390.56
2532,210477.86
2533,193760.14
2534,259229.25
2535,328684.7
2536,207178.16
2537,224002.89
2538,177911.73
2539,183075.19
2540,173253.31
2541,178587.16
2542,137340.52
2543,124857.47
2544,120721.75
2545,132385.06
2546,158920.9
2547,144435.36
2548,137199.56
2549,130567.92
2550,161487.02
2551,127393.664
2552,124400.195
2553,92623.51
2554,146938.08
2555,120642.77
2556,88984.62
2557,103417.1
2558,190578.8
2559,151191.12
2560,136653.39
2561,152796.58
2562,147485.31
2563,144733.62
2564,191692.98
2565,96411.164
2566,134750.45
2567,130362.37
2568,151744.14
2569,173397.27
2570,125913.32
2571,151602.23
2572,188515.73
2573,241592.39
2574,228282.19
2575,140802.36
2576,149760.06
2577,142376.97
2578,109975.45
2579,68393.46
2580,159500.39
2581,119669.586
2582,119639.71
2583,261209.31
2584,145030.98
2585,162333.69
2586,200852.47
2587,214184.97
2588,156352.56
2589,144426.03
2590,219089.94
2591,185570.44
2592,238251.1
2593,255625.34
2594,189781.88
2595,222137.22
2596,312189.6
2597,186928.12
2598,259504.69
2599,390225.5
2600,91737.875
2601,136846.05
2602,96832.164
2603,95099.12
2604,96720.55
2605,97055.484
2606,126138.41
2607,171972.1
2608,156508.3
2609,128321.14
2610,114343.62
2611,147660.08
2612,138719.92
2613,115700.195
2614,119918.414
2615,167482.4
2616,146360.77
2617,172841.61
2618,179059.5
2619,259208.62
2620,161168.28
2621,166177.84
2622,172216.8
2623,256293.95
2624,280212.94
2625,397891.84
2626,160056.62
2627,211808.44
2628,398136.9
2629,509330.38
2630,330376.72
2631,472364.62
2632,397046.4
2633,324909.25
2634,367489.47
2635,147318.53
2636,206053.06
2637,168510.31
2638,233235.81
2639,174875.47
2640,155654.2
2641,103022.11
2642,183482.05
2643,128531.19
2644,128721.19
2645,124684.46
2646,120750.8
2647,128567.65
2648,152806.75
2649,121677.234
2650,173814.0
2651,160678.55
2652,406730.3
2653,263904.03
2654,242309.28
2655,352115.5
2656,305891.44
2657,348158.53
2658,278047.84
2659,275262.66
2660,319783.6
2661,339973.0
2662,337860.38
2663,269549.56
2664,295623.3
2665,319297.12
2666,315434.78
2667,154531.06
2668,178629.7
2669,172922.58
2670,274328.94
2671,178629.7
2672,192494.22
2673,209549.28
2674,211473.67
2675,179948.6
2676,187626.17
2677,183336.45
2678,243252.83
2679,249519.95
2680,273056.06
2681,411917.78
2682,304554.38
2683,498666.38
2684,310494.5
2685,338027.62
2686,251720.53
2687,247193.14
2688,249125.97
2689,220224.31
2690,445841.2
2691,170815.58
2692,155367.31
2693,204378.47
2694,154544.83
2695,193061.27
2696,184471.1
2697,179587.75
2698,171047.06
2699,179458.5
2700,164458.64
2701,145452.17
2702,128803.31
2703,134810.78
2704,129200.89
2705,128469.48
2706,121560.82
2707,124081.27
2708,131460.28
2709,123097.75
2710,123871.15
2711,330935.9
2712,310001.2
2713,176540.94
2714,161677.58
2715,158732.02
2716,152854.06
2717,180789.4
2718,257809.17
2719,144611.64
2720,195675.05
2721,133444.4
2722,150420.72
2723,143383.62
2724,118955.99
2725,133467.47
2726,140185.11
2727,165054.62
2728,165084.0
2729,113402.664
2730,148266.33
2731,129134.516
2732,128164.03
2733,139819.16
2734,146327.25
2735,138473.06
2736,141469.78
2737,114290.86
2738,168209.0
2739,164313.98
2740,145834.0
2741,148296.83
2742,163356.89
2743,142800.2
2744,142599.66
2745,149078.36
2746,130414.29
2747,137523.7
2748,101024.08
2749,130143.76
2750,133968.5
2751,121154.52
2752,204710.12
2753,141173.4
2754,247936.38
2755,149230.23
2756,74764.086
2757,76780.95
2758,85417.96
2759,145831.88
2760,133113.4
2761,153558.5
2762,158277.38
2763,194928.88
2764,149916.12
2765,290648.0
2766,113335.625
2767,77253.4
2768,167297.19
2769,140927.38
2770,169971.1
2771,119531.99
2772,131569.78
2773,148387.72
2774,150037.94
2775,139841.2
2776,155214.08
2777,169638.34
2778,143127.3
2779,141605.22
2780,140664.3
2781,110225.8
2782,92676.914
2783,91818.445
2784,126790.71
2785,120367.6
2786,68603.02
2787,143204.64
2788,82628.68
2789,236448.38
2790,105449.51
2791,126756.01
2792,87882.01
2793,171789.28
2794,89163.49
2795,123266.4
2796,108869.09
2797,258932.28
2798,110097.96
2799,110615.98
2800,106861.64
2801,133436.22
2802,132486.94
2803,225123.14
2804,101084.88
2805,94345.04
2806,118655.875
2807,174280.9
2808,134427.89
2809,139257.62
2810,134065.66
2811,150659.75
2812,144300.8
2813,192161.39
2814,190661.53
2815,112799.77
2816,240482.3
2817,119775.79
2818,114077.13
2819,176094.53
2820,122450.836
2821,124683.69
2822,178650.62
2823,397757.94
2824,166544.9
2825,100539.95
2826,134043.31
2827,170318.72
2828,212393.08
2829,178973.95
2830,228218.12
2831,185404.89
2832,215462.72
2833,258919.58
2834,200464.61
2835,231733.64
2836,184939.52
2837,179434.38
2838,136784.17
2839,158851.48
2840,208273.88
2841,193999.98
2842,199646.1
2843,147004.88
2844,158804.48
2845,119416.336
2846,193802.95
2847,171974.33
2848,225225.72
2849,202159.48
2850,267338.12
2851,224117.0
2852,216305.2
2853,212030.1
2854,133408.48
2855,203299.12
2856,193594.08
2857,185578.44
2858,196194.02
2859,114179.44
2860,146778.28
2861,142778.86
2862,190945.62
2863,138354.75
2864,245572.3
2865,127393.664
2866,197243.5
2867,95091.65
2868,143181.06
2869,133845.5
2870,127991.67
2871,112271.164
2872,68749.1
2873,104350.72
2874,152045.53
2875,150335.34
2876,169190.03
2877,146626.16
2878,173576.56
2879,145700.86
2880,129713.17
2881,133265.4
2882,149224.56
2883,204301.45
2884,178738.12
2885,167192.78
2886,189000.23
2887,128137.25
2888,143190.58
2889,83259.086
2890,86704.35
2891,173612.34
2892,68114.55
2893,129018.62
2894,75881.6
2895,272044.47
2896,264094.56
2897,199274.9
2898,202603.56
2899,247962.3
2900,161177.34
2901,197142.52
2902,178625.53
2903,304434.06
2904,347658.25
2905,68708.336
2906,195868.27
2907,104754.69
2908,119741.29
2909,170291.9
2910,88154.37
2911,96832.164
2912,144528.75
2913,96720.55
2914,96720.55
2915,96720.55
2916,96720.55
2917,146471.86
2918,124390.11
2919,216846.1
