Id,SalePrice
1461,117502.5
1462,149157.5
1463,161906.25
1464,182625.0
1465,209988.1
1466,183915.0
1467,170753.25
1468,175054.625
1469,191280.25
1470,118815.0
1471,189840.625
1472,94822.5
1473,98427.9
1474,160325.0
1475,149360.0
1476,377033.875
1477,266788.6
1478,315622.325
1479,299832.725
1480,405124.175
1481,321870.65
1482,219417.55
1483,174422.55
1484,175577.9
1485,159695.0
1486,205515.0
1487,341248.4
1488,260955.0
1489,203534.9
1490,187190.7
1491,186982.5
1492,116132.5
1493,165342.5
1494,289213.0
1495,263797.5
1496,212840.0
1497,181282.5
1498,153565.0
1499,153565.0
1500,160019.525
1501,178102.5
1502,153387.5
1503,249094.8
1504,239487.25
1505,214487.5
1506,209925.25
1507,236608.0
1508,186252.5
1509,166352.5
1510,140978.55
1511,149671.975
1512,167095.0
1513,162353.75
1514,137540.625
1515,164437.0
1516,142135.0
1517,160790.0
1518,146215.0
1519,215199.35
1520,138286.25
1521,143765.125
1522,165067.5
1523,126371.1
1524,125131.775
1525,118323.3
1526,130155.0
1527,82710.0
1528,128432.5
1529,148622.175
1530,162571.6
1531,114198.7
1532,117144.0
1533,151322.5
1534,123985.4
1535,145233.35
1536,114839.5
1537,69372.5
1538,201392.5
1539,199797.5
1540,136082.0
1541,152750.0
1542,143630.0
1543,223033.25
1544,94090.45
1545,107327.7
1546,108012.7
1547,126960.85
1548,131632.5
1549,87513.4
1550,142901.375
1551,137045.0
1552,119202.5
1553,141742.5
1554,120485.4
1555,158172.5
1556,112711.3
1557,128212.5
1558,104357.5
1559,117128.7
1560,140522.175
1561,157972.75
1562,120572.5
1563,128115.0
1564,175482.95
1565,136778.75
1566,209494.0
1567,84567.5
1568,201602.5
1569,110490.0
1570,120055.0
1571,122565.7
1572,141361.25
1573,224722.3
1574,168050.0
1575,191412.5
1576,204555.0
1577,203534.9
1578,122124.375
1579,148987.5
1580,185907.5
1581,139990.0
1582,118410.0
1583,381392.0
1584,252427.25
1585,142537.5
1586,67217.5
1587,100307.15
1588,150261.975
1589,114032.5
1590,148128.75
1591,116425.0
1592,127965.0
1593,116931.25
1594,147757.4
1595,147397.225
1596,238740.25
1597,163249.5
1598,173397.5
1599,173420.0
1600,188415.0
1601,54453.6
1602,103512.7
1603,85957.95
1604,266762.5
1605,254401.25
1606,166186.6
1607,226335.0
1608,211497.775
1609,203534.9
1610,144775.125
1611,146751.25
1612,179842.15
1613,183374.1
1614,120485.5
1615,89925.4
1616,89925.4
1617,88587.9
1618,125875.0
1619,132041.5
1620,198332.7
1621,130606.725
1622,125957.45
1623,269456.4
1624,216028.75
1625,132567.5
1626,177066.6
1627,182642.5
1628,279439.95
1629,170582.5
1630,355393.35
1631,229090.75
1632,268132.5
1633,161750.0
1634,183862.5
1635,177081.75
1636,170753.25
1637,178934.5
1638,216597.5
1639,181387.5
1640,258911.25
1641,168775.0
1642,221807.5
1643,253153.75
1644,239022.25
1645,173995.0
1646,148951.25
1647,166542.5
1648,148459.475
1649,135672.5
1650,120620.0
1651,120445.0
1652,94672.5
1653,95922.5
1654,168473.75
1655,153727.5
1656,156232.5
1657,165822.5
1658,154185.0
1659,149360.0
1660,133317.5
1661,448540.325
1662,422300.775
1663,393963.85
1664,471260.575
1665,327090.85
1666,301728.975
1667,298414.275
1668,327090.85
1669,291406.525
1670,330330.05
1671,227670.0
1672,443530.7
1673,310390.975
1674,261104.175
1675,182591.85
1676,174200.95
1677,206878.275
1678,450186.5
1679,366775.85
1680,348959.575
1681,265049.225
1682,289893.925
1683,183975.25
1684,178606.875
1685,180301.75
1686,185296.15
1687,159695.0
1688,183182.5
1689,184327.5
1690,182273.5
1691,163459.25
1692,245189.5
1693,159695.0
1694,179385.0
1695,163695.0
1696,259120.0
1697,163695.0
1698,314700.425
1699,358355.3
1700,242200.0
1701,254825.0
1702,316439.175
1703,317755.075
1704,303454.325
1705,219042.9
1706,428830.7
1707,215670.4
1708,214183.55
1709,290086.525
1710,218447.9
1711,239538.75
1712,318187.575
1713,226100.875
1714,217157.5
1715,189096.25
1716,203482.85
1717,168598.95
1718,161399.35
1719,206713.75
1720,252028.05
1721,157660.0
1722,155882.5
1723,156217.5
1724,216336.4
1725,226425.0
1726,183195.0
1727,169832.6
1728,183209.5
1729,164789.15
1730,150967.9
1731,131047.5
1732,124735.0
1733,124735.0
1734,135858.75
1735,124747.5
1736,125747.5
1737,318710.85
1738,204487.5
1739,269797.8
1740,185745.25
1741,179674.875
1742,178102.5
1743,170311.75
1744,266510.425
1745,245131.275
1746,259614.2
1747,212162.5
1748,216560.25
1749,159237.95
1750,160234.35
1751,237859.3
1752,128115.0
1753,153667.5
1754,247489.5
1755,161357.5
1756,118475.0
1757,125817.5
1758,125927.5
1759,146347.5
1760,155847.5
1761,162402.5
1762,161219.5
1763,176220.0
1764,124850.0
1765,174627.75
1766,164665.0
1767,193905.0
1768,138882.5
1769,179932.5
1770,143821.25
1771,139709.2
1772,152442.5
1773,125011.35
1774,153369.925
1775,147915.0
1776,109534.65
1777,114960.0
1778,133050.0
1779,103562.5
1780,173777.0
1781,139375.45
1782,103587.5
1783,126337.6
1784,89526.25
1785,118049.6
1786,163102.5
1787,145900.0
1788,55738.05
1789,106091.25
1790,68330.0
1791,227778.5
1792,172032.5
1793,147312.5
1794,133742.5
1795,153332.5
1796,112422.5
1797,126857.5
1798,130862.5
1799,116470.0
1800,107110.05
1801,123938.75
1802,146932.5
1803,170307.5
1804,132146.0
1805,149462.5
1806,119163.75
1807,157620.0
1808,120455.4
1809,124062.5
1810,141253.025
1811,107346.85
1812,121845.0
1813,129235.0
1814,96367.95
1815,55738.05
1816,86348.75
1817,111935.0
1818,174732.5
1819,117791.025
1820,77242.5
1821,143397.5
1822,146047.5
1823,66266.25
1824,155492.5
1825,131153.8
1826,92378.75
1827,120619.0
1828,142495.525
1829,113249.5
1830,160712.5
1831,183037.5
1832,158236.0
1833,168182.5
1834,123175.0
1835,180717.2
1836,156105.0
1837,96164.85
1838,142308.75
1839,80460.0
1840,171463.25
1841,163002.5
1842,90683.75
1843,142591.25
1844,108030.0
1845,132697.575
1846,157390.0
1847,158901.675
1848,56363.05
1849,106883.2
1850,133033.75
1851,155147.5
1852,140454.35
1853,136245.5
1854,150187.5
1855,128624.5
1856,235110.75
1857,126817.55
1858,159979.85
1859,121358.15
1860,151845.425
1861,121358.15
1862,272609.65
1863,272609.65
1864,272609.65
1865,333362.05
1866,327693.525
1867,235483.15
1868,304814.575
1869,190324.275
1870,206201.5
1871,244525.0
1872,172594.875
1873,224215.0
1874,135461.0
1875,201845.75
1876,210735.0
1877,194218.25
1878,213671.25
1879,127852.55
1880,129722.0
1881,224160.0
1882,279095.275
1883,188320.0
1884,226962.5
1885,238105.75
1886,295520.225
1887,187859.75
1888,271554.175
1889,163739.2
1890,128760.0
1891,139932.5
1892,119220.0
1893,140485.0
1894,135465.625
1895,154780.0
1896,123160.1
1897,126684.275
1898,107200.4
1899,115764.15
1900,145670.0
1901,144986.375
1902,138420.0
1903,239356.25
1904,137822.5
1905,193995.0
1906,142135.85
1907,196095.0
1908,108150.0
1909,120505.4
1910,120505.4
1911,207920.0
1912,271136.45
1913,130066.2
1914,79477.5
1915,287365.525
1916,54600.55
1917,262220.325
1918,143313.75
1919,145767.75
1920,165320.55
1921,385501.9
1922,315300.525
1923,205540.0
1924,222191.1
1925,236279.375
1926,400355.15
1927,134192.5
1928,154022.95
1929,124812.5
1930,130295.0
1931,128804.5
1932,135499.15
1933,144525.8
1934,183600.0
1935,176374.375
1936,182625.0
1937,182257.5
1938,187307.15
1939,292593.525
1940,209988.1
1941,185120.0
1942,179420.0
1943,204845.3
1944,314857.05
1945,343713.725
1946,172615.0
1947,325057.875
1948,166255.0
1949,232994.075
1950,185767.25
1951,280355.0
1952,249394.075
1953,160593.75
1954,217162.5
1955,125584.6
1956,276705.725
1957,173611.6
1958,272611.5
1959,165137.5
1960,117732.5
1961,127865.0
1962,94672.5
1963,95922.5
1964,119763.5
1965,160325.0
1966,153152.5
1967,266249.175
1968,379268.35
1969,387749.525
1970,421389.85
1971,421214.6
1972,342534.5
1973,282809.4
1974,300758.375
1975,451067.75
1976,258202.5
1977,310029.625
1978,343238.9
1979,359565.025
1980,197268.25
1981,327955.525
1982,219417.55
1983,219417.55
1984,177344.5
1985,188767.75
1986,210688.95
1987,184463.625
1988,178911.75
1989,186905.0
1990,231856.875
1991,206878.275
1992,222185.0
1993,166051.75
1994,260628.0
1995,187815.0
1996,260735.0
1997,319618.9
1998,363062.0
1999,252377.25
2000,306629.2
2001,251067.5
2002,221848.375
2003,282304.25
2004,251412.8
2005,221385.0
2006,219417.55
2007,301608.075
2008,191134.0
2009,178165.0
2010,192370.0
2011,163017.6
2012,185992.3
2013,177715.0
2014,188670.0
2015,190317.5
2016,185962.5
2017,204580.0
2018,131047.5
2019,124735.0
2020,115192.5
2021,124735.0
2022,171286.6
2023,154960.85
2024,218911.0
2025,409659.25
2026,185193.65
2027,161187.875
2028,153489.625
2029,177175.0
2030,296130.0
2031,252473.9
2032,258671.45
2033,292375.9
2034,159330.0
2035,212841.25
2036,222015.75
2037,227728.25
2038,344104.35
2039,191517.5
2040,408324.325
2041,246267.5
2042,215482.5
2043,178132.5
2044,176037.75
2045,250692.5
2046,161717.5
2047,142803.75
2048,122100.0
2049,136663.125
2050,174907.5
2051,100909.65
2052,139843.75
2053,139598.75
2054,81457.5
2055,161267.5
2056,118792.9
2057,129335.0
2058,204376.75
2059,141196.25
2060,149402.5
2061,163252.5
2062,136657.5
2063,114245.0
2064,140278.75
2065,125855.0
2066,172840.0
2067,123325.0
2068,152724.925
2069,80310.55
2070,110138.15
2071,88117.5
2072,125725.0
2073,132467.5
2074,188667.5
2075,153797.5
2076,122172.5
2077,148994.2
2078,133103.75
2079,129285.0
2080,136217.5
2081,137490.0
2082,140007.8
2083,150703.35
2084,120167.5
2085,141537.5
2086,136895.0
2087,127335.0
2088,122889.575
2089,90577.5
2090,132722.5
2091,110980.0
2092,127074.2
2093,133567.175
2094,144522.5
2095,128517.5
2096,84136.25
2097,101883.125
2098,136803.55
2099,48626.1
2100,117443.75
2101,123533.025
2102,151760.0
2103,91290.0
2104,147252.0
2105,131083.425
2106,75769.35
2107,280669.7
2108,131222.5
2109,116437.5
2110,121599.35
2111,168710.0
2112,136029.525
2113,112475.1
2114,111321.65
2115,152583.75
2116,119561.5
2117,150590.0
2118,127525.2
2119,113231.25
2120,102107.5
2121,118547.325
2122,98791.05
2123,95200.0
2124,222113.25
2125,154999.025
2126,150320.0
2127,193020.0
2128,135080.0
2129,93082.7
2130,152547.5
2131,197977.5
2132,116542.0
2133,124352.6
2134,119391.65
2135,86451.25
2136,98607.5
2137,131252.5
2138,134823.75
2139,145823.75
2140,128966.25
2141,108030.0
2142,143408.1
2143,151111.85
2144,124435.75
2145,128235.0
2146,147082.5
2147,146475.0
2148,120855.4
2149,124072.5
2150,243747.5
2151,141004.65
2152,157520.525
2153,158462.5
2154,131877.5
2155,134232.5
2156,245656.0
2157,212070.0
2158,223972.5
2159,219062.5
2160,156879.625
2161,273809.175
2162,387876.9
2163,329893.35
2164,231240.75
2165,163925.0
2166,135461.0
2167,187859.75
2168,206173.75
2169,186547.5
2170,216325.0
2171,127012.95
2172,145506.85
2173,143100.8
2174,247455.65
2175,304897.025
2176,297447.4
2177,262848.35
2178,231120.75
2179,144102.5
2180,207459.0
2181,204033.25
2182,219898.375
2183,206878.275
2184,144341.85
2185,97160.0
2186,158252.5
2187,135087.5
2188,157105.35
2189,168528.4
2190,91640.0
2191,91640.0
2192,105485.0
2193,81278.95
2194,97295.0
2195,113550.0
2196,99915.0
2197,96051.4
2198,167062.5
2199,157942.5
2200,114025.5
2201,117507.475
2202,200552.5
2203,160920.0
2204,154655.025
2205,120213.75
2206,146770.0
2207,172415.0
2208,223275.0
2209,151685.25
2210,108150.0
2211,112136.25
2212,116772.7
2213,116648.8
2214,134293.75
2215,86826.25
2216,153576.675
2217,62913.05
2218,107419.15
2219,83492.5
2220,80992.5
2221,287365.525
2222,222285.925
2223,258513.725
2224,209970.0
2225,146537.4
2226,161223.3
2227,198700.9
2228,253468.05
2229,248651.3
2230,144775.125
2231,199413.075
2232,195230.0
2233,168721.6
2234,208580.3
2235,200485.25
2236,321842.275
2237,361681.4
2238,189360.75
2239,165725.75
2240,169553.0
2241,138185.95
2242,136485.0
2243,132151.0
2244,88005.0
2245,89160.0
2246,149184.025
2247,107271.25
2248,131864.0
2249,133864.0
2250,129972.5
2251,129426.85
2252,200902.5
2253,156378.6
2254,183496.6
2255,181345.0
2256,176012.0
2257,214716.0
2258,178370.75
2259,182732.5
2260,157825.0
2261,185642.5
2262,208330.6
2263,311215.45
2264,439537.25
2265,153950.0
2266,292156.525
2267,370093.35
2268,362044.0
2269,170751.5
2270,186154.0
2271,253147.5
2272,196530.0
2273,165223.75
2274,162016.6
2275,187794.5
2276,168954.5
2277,185327.5
2278,144895.0
2279,123055.0
2280,115950.0
2281,168833.1
2282,179044.0
2283,96260.0
2284,123237.6
2285,152782.5
2286,128031.25
2287,329627.9
2288,296353.5
2289,386055.85
2290,420159.575
2291,304607.375
2292,401177.05
2293,424165.8
2294,416418.65
2295,413007.7
2296,325428.275
2297,282809.4
2298,327805.525
2299,378038.05
2300,321110.975
2301,244407.45
2302,222110.925
2303,296406.475
2304,268788.95
2305,169844.35
2306,169844.35
2307,181976.85
2308,252996.1
2309,290884.025
2310,223192.55
2311,183975.25
2312,181644.75
2313,180749.25
2314,164061.875
2315,181201.5
2316,186113.75
2317,174095.05
2318,181644.75
2319,177383.55
2320,188998.625
2321,244260.3
2322,187139.85
2323,164028.95
2324,159695.0
2325,221652.45
2326,161072.5
2327,214222.5
2328,227001.875
2329,184020.0
2330,184285.0
2331,343593.9
2332,447128.95
2333,313103.5
2334,270593.75
2335,253192.5
2336,300154.2
2337,208947.875
2338,250773.05
2339,253468.05
2340,397102.275
2341,226754.95
2342,254928.05
2343,213662.5
2344,255639.35
2345,268788.95
2346,219417.55
2347,206643.85
2348,244407.45
2349,165526.35
2350,251412.8
2351,268944.175
2352,289709.85
2353,230663.5
2354,155215.0
2355,168598.95
2356,153794.35
2357,217299.0
2358,204463.75
2359,133505.4
2360,133883.0
2361,137110.0
2362,288878.5
2363,136485.0
2364,149087.5
2365,206102.3
2366,194705.3
2367,255566.1
2368,207958.4
2369,252996.1
2370,178240.0
2371,178117.5
2372,188805.75
2373,281049.35
2374,284061.5
2375,245392.5
2376,272474.5
2377,341580.85
2378,150670.0
2379,224706.0
2380,150685.0
2381,165335.0
2382,183360.0
2383,212333.75
2384,250147.0
2385,148223.75
2386,151332.5
2387,136275.0
2388,95847.9
2389,126951.775
2390,133972.5
2391,127885.0
2392,120157.5
2393,169975.0
2394,146821.25
2395,217157.75
2396,167827.5
2397,192962.5
2398,112973.75
2399,81307.5
2400,68972.5
2401,122617.5
2402,137899.35
2403,156245.0
2404,133230.0
2405,148277.5
2406,135267.5
2407,131942.5
2408,139843.75
2409,138286.25
2410,162840.0
2411,127010.0
2412,142445.0
2413,132885.45
2414,126854.275
2415,146220.0
2416,128670.0
2417,140210.0
2418,125172.5
2419,166967.95
2420,123137.5
2421,183232.95
2422,127655.0
2423,113780.0
2424,155175.0
2425,164129.5
2426,111587.45
2427,124799.025
2428,171432.0
2429,120135.0
2430,151330.0
2431,128656.775
2432,131515.0
2433,129992.5
2434,143824.2
2435,157535.0
2436,104122.5
2437,124735.0
2438,117448.3
2439,111791.25
2440,113919.15
2441,111723.1
2442,132669.0
2443,118320.525
2444,105176.875
2445,94656.25
2446,123439.0
2447,206767.5
2448,162872.5
2449,110287.5
2450,134165.0
2451,119315.2
2452,228618.75
2453,92717.5
2454,107656.1
2455,100880.35
2456,135185.0
2457,126832.5
2458,115877.7
2459,113372.5
2460,125407.5
2461,125987.6
2462,128425.0
2463,115484.45
2464,218470.0
2465,119315.2
2466,116084.45
2467,149082.7
2468,96583.125
2469,117243.875
2470,214472.25
2471,236612.5
2472,191455.0
2473,118083.75
2474,117413.35
2475,254750.4
2476,123750.1
2477,130640.0
2478,160562.5
2479,120206.25
2480,133933.75
2481,134323.75
2482,129865.0
2483,123025.0
2484,127048.0
2485,124192.5
2486,138197.5
2487,162714.5
2488,152007.7
2489,152062.5
2490,127387.5
2491,88407.5
2492,173750.0
2493,114833.45
2494,156472.5
2495,98857.5
2496,245186.75
2497,174123.75
2498,125865.0
2499,88795.0
2500,136035.5
2501,155775.0
2502,155865.0
2503,112069.95
2504,194470.0
2505,216660.0
2506,292030.575
2507,382725.85
2508,292030.575
2509,218355.925
2510,243933.9
2511,184879.875
2512,210883.25
2513,220055.0
2514,237437.5
2515,139795.5
2516,161853.75
2517,135461.0
2518,149886.85
2519,223805.0
2520,204565.0
2521,184380.0
2522,222275.0
2523,131757.5
2524,136895.0
2525,138600.0
2526,140587.5
2527,128998.0
2528,126850.0
2529,127990.0
2530,85457.5
2531,226511.575
2532,226285.0
2533,199472.5
2534,256200.0
2535,324403.475
2536,223111.25
2537,204853.55
2538,181147.925
2539,183291.15
2540,177193.525
2541,190371.325
2542,165852.25
2543,127048.0
2544,139279.975
2545,126064.6
2546,155692.5
2547,148486.25
2548,159979.85
2549,164695.975
2550,240898.35
2551,139932.5
2552,129347.5
2553,91640.0
2554,133837.5
2555,97940.0
2556,93824.15
2557,118475.0
2558,176600.0
2559,147411.5
2560,128310.2
2561,137990.0
2562,143415.0
2563,136452.5
2564,165102.5
2565,105187.5
2566,119927.5
2567,132447.5
2568,184435.0
2569,172492.5
2570,105049.65
2571,163523.3
2572,173420.0
2573,259995.0
2574,272851.5
2575,124247.8
2576,147357.175
2577,157870.35
2578,101127.5
2579,60080.55
2580,125850.85
2581,131621.875
2582,113507.5
2583,262471.675
2584,153286.25
2585,185822.15
2586,185717.5
2587,205762.5
2588,150197.5
2589,142743.75
2590,222350.0
2591,195100.25
2592,229527.45
2593,255566.1
2594,178756.75
2595,206952.6
2596,359108.9
2597,193680.0
2598,270660.6
2599,343214.55
2600,119841.4
2601,143010.5
2602,89337.9
2603,88592.5
2604,89925.4
2605,89337.9
2606,134388.0
2607,164264.1
2608,169720.45
2609,142318.25
2610,124812.5
2611,172922.95
2612,151094.625
2613,131864.0
2614,129972.5
2615,151990.0
2616,147887.5
2617,155404.675
2618,194957.5
2619,259826.45
2620,180007.5
2621,186317.5
2622,205663.75
2623,279600.225
2624,262471.775
2625,363618.35
2626,169865.75
2627,188415.0
2628,394033.725
2629,460073.675
2630,333335.875
2631,423701.8
2632,394033.725
2633,318697.325
2634,376163.7
2635,142855.25
2636,208595.0
2637,151032.5
2638,253101.5
2639,177198.75
2640,149591.25
2641,120445.0
2642,190969.95
2643,96260.0
2644,126180.4
2645,98335.0
2646,95922.5
2647,96410.0
2648,138751.25
2649,129706.3
2650,153152.5
2651,155032.5
2652,352846.4
2653,262937.5
2654,226362.45
2655,346721.775
2656,323566.225
2657,339442.65
2658,287168.65
2659,309766.3
2660,308865.975
2661,328422.9
2662,329572.9
2663,272692.8
2664,292409.025
2665,304240.325
2666,303144.675
2667,173097.125
2668,190371.325
2669,177633.425
2670,314055.65
2671,190371.325
2672,198721.7
2673,206644.45
2674,210055.85
2675,166747.9
2676,184327.5
2677,203172.5
2678,268964.0
2679,262135.75
2680,263365.325
2681,433912.725
2682,308739.0
2683,484933.775
2684,307529.2
2685,303579.2
2686,267350.55
2687,284413.95
2688,243040.0
2689,215381.65
2690,473202.9
2691,168137.5
2692,155574.35
2693,190081.0
2694,156174.35
2695,181040.0
2696,188060.375
2697,199715.0
2698,182495.0
2699,177194.85
2700,168653.25
2701,159628.75
2702,129638.75
2703,135602.0
2704,133672.5
2705,130500.0
2706,120775.0
2707,123322.5
2708,134591.25
2709,124315.0
2710,126617.5
2711,276787.925
2712,304089.0
2713,163003.95
2714,150710.0
2715,177877.5
2716,153387.5
2717,174395.0
2718,260562.5
2719,153644.2
2720,189393.25
2721,140100.0
2722,151737.175
2723,153992.5
2724,129847.5
2725,138583.75
2726,143431.85
2727,165345.0
2728,167433.75
2729,129231.2
2730,144774.2
2731,109580.2
2732,125907.5
2733,156760.0
2734,153547.5
2735,137681.25
2736,146280.0
2737,122449.15
2738,145625.0
2739,159552.5
2740,148825.0
2741,145387.5
2742,155042.5
2743,138847.5
2744,150630.0
2745,143162.5
2746,134187.5
2747,144422.5
2748,108617.5
2749,124232.5
2750,134397.5
2751,121872.5
2752,253887.5
2753,132987.5
2754,154089.0
2755,128625.0
2756,71342.5
2757,71572.5
2758,78632.5
2759,142832.5
2760,130163.5
2761,156942.5
2762,155190.0
2763,172760.0
2764,164180.0
2765,283462.2
2766,136677.5
2767,87065.0
2768,149332.5
2769,136196.25
2770,155535.0
2771,124735.0
2772,133103.75
2773,126374.55
2774,158658.35
2775,144313.5
2776,127364.375
2777,152830.0
2778,136780.0
2779,120327.5
2780,119572.5
2781,103550.0
2782,84984.65
2783,107203.75
2784,124850.0
2785,134019.675
2786,63873.05
2787,126335.0
2788,90694.4
2789,229170.45
2790,114782.5
2791,128610.0
2792,94008.4
2793,177940.0
2794,103690.45
2795,126387.5
2796,104777.5
2797,235084.25
2798,117393.75
2799,119637.5
2800,88008.75
2801,112791.25
2802,123622.5
2803,205072.75
2804,123146.4
2805,92570.9
2806,112073.75
2807,153353.95
2808,144468.75
2809,136355.0
2810,145953.75
2811,151330.0
2812,148672.75
2813,172832.5
2814,170890.25
2815,106582.5
2816,274563.95
2817,129031.25
2818,126385.0
2819,176397.5
2820,130664.2
2821,118320.525
2822,182242.5
2823,220047.5
2824,148040.625
2825,122000.0
2826,134172.5
2827,173723.75
2828,220316.0
2829,175751.55
2830,224407.975
2831,187216.15
2832,206334.0
2833,259837.5
2834,214114.5
2835,222110.925
2836,186795.375
2837,169760.0
2838,149886.85
2839,179277.5
2840,188184.75
2841,204142.5
2842,213722.5
2843,147040.8
2844,154641.25
2845,127990.0
2846,212668.75
2847,200391.25
2848,206506.05
2849,216802.5
2850,261865.0
2851,252802.25
2852,225372.6
2853,222137.5
2854,142537.5
2855,185983.875
2856,215017.7
2857,185062.875
2858,192834.375
2859,116908.35
2860,141700.0
2861,148459.475
2862,189066.25
2863,142698.0
2864,260623.35
2865,139932.5
2866,147237.5
2867,84842.15
2868,126467.9
2869,141393.5
2870,138451.25
2871,113222.5
2872,51618.6
2873,104532.9
2874,137969.525
2875,129775.0
2876,149757.5
2877,157447.5
2878,153611.25
2879,138348.35
2880,120934.275
2881,170597.5
2882,146035.925
2883,167770.0
2884,165487.5
2885,177514.2
2886,162867.5
2887,116897.5
2888,115549.15
2889,80557.5
2890,79375.0
2891,160326.25
2892,67217.5
2893,117362.5
2894,68315.0
2895,281755.65
2896,266762.5
2897,204632.5
2898,201070.25
2899,239747.5
2900,159493.75
2901,193492.75
2902,178574.85
2903,312276.85
2904,325554.275
2905,105813.2
2906,188044.375
2907,118870.1
2908,126125.0
2909,139923.0
2910,82252.5
2911,89337.9
2912,152637.5
2913,89925.4
2914,89925.4
2915,89925.4
2916,89925.4
2917,134733.875
2918,124616.0
2919,249752.0
